tree
version=v4
num_class=1
num_tree_per_iteration=1
label_index=0
max_feature_idx=41
objective=regression
feature_names=feature_antistrophic_striate_conscriptionist feature_bicameral_showery_wallaba feature_bridal_fingered_pensioner feature_collectivist_flaxen_gueux feature_concurring_fabled_adapter feature_crosscut_whilom_ataxy feature_departmental_inimitable_sentencer feature_dialectal_homely_cambodia feature_donnard_groutier_twinkle feature_elusive_vapoury_accomplice feature_geminate_crummiest_scourer feature_glandered_unimproved_peafowl feature_hempen_unionist_cone feature_illuminated_gambrel_noria feature_jacobinical_symmetric_roll feature_jewish_stained_disembowelment feature_lacklustre_centroidal_schweitzer feature_limiest_heliolithic_york feature_maledictive_latter_psellism feature_mendelian_undiscording_avion feature_musicianly_aspirate_creativity feature_petty_upraised_caddice feature_pottier_unmanly_collyrium feature_reclaimed_insurrectional_moneyer feature_saddening_unsound_rustling feature_simulated_nonclassified_intercessor feature_snakiest_somalian_wavelet feature_splanchnic_notional_pint feature_strained_equivocal_phoneme feature_stretchy_spiniest_fizgig feature_toltec_korean_disfavourer feature_transisthmian_yogic_linden feature_tridactyl_immoral_snorting feature_trimeter_soggy_greatest feature_unanalyzable_excusable_whirlwind feature_unbreakable_constraining_hegelianism feature_unformed_bent_smatch feature_unministerial_unextenuated_teleostean feature_unmodish_zymogenic_rousing feature_unsystematized_subcardinal_malaysia feature_willful_sere_chronobiology feature_zoological_peristomial_scute
feature_infos=[0:4] none none none none [0:4] [0:4] none none [0:4] [0:4] [0:4] [0:4] none [0:4] [0:4] [0:4] [0:4] none [0:4] [0:4] none none [0:4] none [0:4] [0:4] [0:4] none [0:4] [0:4] [0:4] [0:4] [0:4] [0:4] [0:4] [0:4] none none [0:4] [0:4] [0:4]
tree_sizes=2845 3005 3003 2970 2969 2964

Tree=0
num_leaves=31
num_cat=0
split_feature=26 0 32 27 15 12 6 10 27 12 9 20 29 27 30 30 15 32 32 25 9 16 6 31 10 11 31 11 39 20
split_gain=0.808733 0.710745 0.62324 0.910893 0.879449 0.765576 0.564611 0.546016 0.543985 0.648865 0.976294 0.773506 0.715409 0.610279 0.942104 0.563576 0.542655 0.84647 0.544739 0.748175 0.57792 1.39695 1.00572 1.07449 0.90558 0.878225 0.825174 0.782708 0.576791 1.0811
threshold=1.5000000000000002 3.5000000000000004 2.5000000000000004 1.0000000180025095e-35 1.0000000180025095e-35 1.0000000180025095e-35 3.5000000000000004 1.0000000180025095e-35 3.5000000000000004 2.5000000000000004 2.5000000000000004 1.5000000000000002 1.5000000000000002 2.5000000000000004 1.5000000000000002 1.0000000180025095e-35 1.0000000180025095e-35 1.5000000000000002 3.5000000000000004 1.0000000180025095e-35 3.5000000000000004 1.5000000000000002 1.0000000180025095e-35 3.5000000000000004 2.5000000000000004 1.5000000000000002 3.5000000000000004 3.5000000000000004 2.5000000000000004 2.5000000000000004
decision_type=2 2 2 2 2 2 2 2 2 2 2 2 2 2 2 2 2 2 2 2 2 2 2 2 2 2 2 2 2 2
left_child=1 2 7 4 5 -4 -3 -1 9 11 15 12 -5 14 -12 -11 17 -2 19 -18 -21 22 -22 25 -23 -24 -26 -28 29 -27
right_child=16 6 3 8 -6 -7 -8 -9 -10 10 13 -13 -14 -15 -16 -17 18 -19 -20 20 21 24 23 -25 26 28 27 -29 -30 -31
leaf_value=0.49939387535170321 0.49948688282203246 0.49895639914948786 0.49634234535950333 0.49373907009700096 0.50039556774812499 0.50418423186025318 0.50046586412220984 0.50055644803611332 0.50054573923190915 0.49761491835564403 0.50064906349433325 0.49963784935621819 0.49851328168483905 0.50311889723232261 0.4929400842753196 0.50188745329830076 0.50043097108764123 0.50052745115557462 0.50008955021239987 0.49930045118978145 0.49586103335132786 0.5001220217345087 0.49870668752558561 0.49222146049430843 0.50168055346923046 0.49397114530720176 0.50303876896033028 0.51513116050763175 0.50269154694506857 0.50383533784343837
leaf_weight=1106 3221 2076 35 83 1401 281 883 11631 1345 87 68 2990 1437 39 95 684 2151 4970 5760 15408 256 2581 932 52 566 61 32 23 288 51
leaf_count=1106 3221 2076 35 83 1401 281 883 11631 1345 87 68 2990 1437 39 95 684 2151 4970 5760 15408 256 2581 932 52 566 61 32 23 288 51
internal_value=0.499909 0.500133 0.500234 0.499904 0.500933 0.503316 0.499407 0.500455 0.499645 0.499424 0.500595 0.499171 0.498253 0.4975 0.496156 0.501405 0.49976 0.500118 0.499656 0.499544 0.49945 0.499927 0.49874 0.499273 0.500534 0.499548 0.502249 0.508096 0.501508 0.498463
internal_weight=60593 24241 21282 8545 1717 316 2959 12737 6828 5483 973 4510 1520 202 163 771 36352 8191 28161 22401 20250 4842 1640 1384 3202 1332 621 55 400 112
internal_count=60593 24241 21282 8545 1717 316 2959 12737 6828 5483 973 4510 1520 202 163 771 36352 8191 28161 22401 20250 4842 1640 1384 3202 1332 621 55 400 112
is_linear=0
shrinkage=1


Tree=1
num_leaves=31
num_cat=0
split_feature=40 27 9 16 39 32 30 32 26 39 0 10 34 20 0 19 30 32 39 29 32 30 33 20 5 40 16 9 5 0
split_gain=1.60082 0.832369 0.897654 0.701993 0.804514 0.646485 1.08523 0.638223 0.804752 0.566668 0.545915 0.542786 0.539775 0.748977 1.65949 0.852726 1.00706 0.691783 0.80343 0.587584 0.64909 0.537842 0.516253 0.74022 0.718581 0.711805 0.57794 0.55717 0.823495 1.12518
threshold=1.5000000000000002 3.5000000000000004 1.5000000000000002 1.5000000000000002 1.5000000000000002 3.5000000000000004 3.5000000000000004 1.0000000180025095e-35 3.5000000000000004 1.0000000180025095e-35 2.5000000000000004 1.5000000000000002 1.0000000180025095e-35 1.0000000180025095e-35 2.5000000000000004 3.5000000000000004 1.0000000180025095e-35 1.5000000000000002 2.5000000000000004 1.5000000000000002 1.5000000000000002 3.5000000000000004 1.0000000180025095e-35 2.5000000000000004 3.5000000000000004 2.5000000000000004 1.5000000000000002 3.5000000000000004 3.5000000000000004 3.5000000000000004
decision_type=2 2 2 2 2 2 2 2 2 2 2 2 2 2 2 2 2 2 2 2 2 2 2 2 2 2 2 2 2 2
left_child=12 22 3 -3 21 7 -7 10 11 -4 -6 -9 13 14 -1 19 -17 18 -15 20 -16 -5 23 25 -25 26 -2 -24 29 -29
right_child=1 2 9 4 5 6 -8 8 -10 -11 -12 -13 -14 17 15 16 -18 -19 -20 -21 -22 -23 27 24 -26 -27 -28 28 -30 -31
leaf_value=0.0015545919154149003 0.00084297721905093035 0.00082966782046126368 0.0024919656303909808 -0.00035273641468542313 -0.0012517838206110618 -0.00202680289009471 0.0082148445279974693 -0.0086304800179170665 0.00072601886296814143 0.00090382616412220762 0.0079768574510870327 -0.0036767249340521851 -0.00042292854136898771 -0.002481563801660478 -0.00036382427444491884 -0.014756027692433069 -0.0023789963193675727 0.00039787962075064302 0.00037843170017004015 0.00019378402032439518 -0.010770651957638371 0.0031879554699807272 0.00010445127076357324 -0.0004100788486143031 -0.0022843775888011881 0.0012115171161037261 -0.0013833746883117159 0.0017368094422096432 -0.00043287564643286908 -0.00092262822340746396
leaf_weight=1662 496 1189 666 494 59 81 38 68 88 3586 22 296 20028 636 31 27 42 1167 400 218 29 137 18745 4112 584 1335 707 2150 1012 488
leaf_count=1662 496 1189 666 494 59 81 38 68 88 3586 22 296 20028 636 31 27 42 1167 400 218 29 137 18745 4112 584 1335 707 2150 1012 488
internal_value=-8.72438e-12 0.000209858 0.000712088 -4.55873e-05 -0.000856716 -0.00208844 0.00124364 -0.00283238 -0.00356481 0.00115258 0.00125476 -0.00460215 -0.000314727 0.000199773 0.000897968 -0.00224701 -0.00722218 -0.000436939 -0.00137732 -0.00101217 -0.00539379 0.000416003 9.58821e-05 -0.00027134 -0.000643169 0.000416645 -0.000465444 0.000214502 0.000779679 0.00124484
internal_weight=60593 36353 6724 2472 1283 652 119 533 452 4252 81 364 24240 4212 2009 347 69 2203 1036 278 60 631 29629 7234 4696 2538 1203 22395 3650 2638
internal_count=60593 36353 6724 2472 1283 652 119 533 452 4252 81 364 24240 4212 2009 347 69 2203 1036 278 60 631 29629 7234 4696 2538 1203 22395 3650 2638
is_linear=0
shrinkage=0.05


Tree=2
num_leaves=31
num_cat=0
split_feature=40 27 9 11 30 19 23 6 35 30 26 25 11 31 32 5 27 12 19 5 19 9 9 29 5 39 5 19 23 5
split_gain=1.44474 0.751213 0.810133 0.816794 1.10877 0.621207 0.582862 0.618273 1.13006 0.790427 0.526726 0.729135 0.634938 0.717328 0.612134 0.589964 0.805731 0.549763 0.706477 0.671663 0.534522 0.574321 0.504736 0.49992 0.925338 0.498309 0.796262 0.701753 1.07101 0.927422
threshold=1.5000000000000002 3.5000000000000004 1.5000000000000002 1.0000000180025095e-35 3.5000000000000004 1.5000000000000002 1.0000000180025095e-35 2.5000000000000004 2.5000000000000004 3.5000000000000004 1.5000000000000002 1.5000000000000002 3.5000000000000004 2.5000000000000004 1.5000000000000002 1.5000000000000002 2.5000000000000004 3.5000000000000004 3.5000000000000004 3.5000000000000004 3.5000000000000004 1.0000000180025095e-35 2.5000000000000004 2.5000000000000004 2.5000000000000004 2.5000000000000004 1.5000000000000002 1.5000000000000002 3.5000000000000004 3.5000000000000004
decision_type=2 2 2 2 2 2 2 2 2 2 2 2 2 2 2 2 2 2 2 2 2 2 2 2 2 2 2 2 2 2
left_child=10 -2 6 4 5 22 -3 8 -8 -10 25 12 14 -14 -12 16 -16 18 -13 -20 -17 -22 -4 -7 -25 -1 -27 28 -28 -30
right_child=1 2 3 -5 -6 23 7 -9 9 -11 11 17 13 -15 15 20 -18 -19 19 -21 21 -23 -24 24 -26 26 27 -29 29 -31
leaf_value=-0.00031953529644567348 9.1087977874693035e-05 -0.0028163614598187537 -0.0017235600896593599 0.0015304985155505458 -0.003459139726100824 -0.00035262992880857321 -0.00083634457883558107 -0.00060669591196231771 0.0012951808374030327 0.0052322004760443838 -0.0012405006642188503 -0.00069613666475697622 0.0031894206644883794 -0.00012608245483734323 0.00084840962639102689 0.00069483024242885706 -0.0026047248182898743 0.00040994953474013949 -0.0015017293312627336 -0.0056028924719260555 -0.0017659998365810942 0.0054740426677560051 0.0042102798819541936 -0.0033204326443450082 0.0095898660591670452 -0.00049512898202732074 -0.0024482768828883493 0.0013407185895053407 -0.0010202260361504309 0.0061115733412809153
leaf_weight=5778 29629 176 45 3048 195 730 462 1212 443 179 872 9703 335 318 385 677 301 1051 368 137 35 126 176 23 35 1558 326 2087 97 86
leaf_count=5778 29629 176 45 3048 195 730 462 1212 443 179 872 9703 335 318 385 677 301 1051 368 137 35 126 176 23 35 1558 326 2087 97 86
internal_value=-8.17622e-12 0.000199365 0.000676483 0.00109495 -7.66418e-06 0.00065937 -4.3308e-05 0.000169261 0.00103684 0.00242818 -0.00029899 -0.000493179 0.000192712 0.00157483 -0.000183966 0.000420561 -0.000666741 -0.000678923 -0.000791031 -0.00261432 0.00131064 0.00390012 0.00300203 2.35471e-06 0.00447026 -1.9242e-05 0.000398451 0.000934736 -0.000729872 0.00233133
internal_weight=60593 36353 6724 4252 1204 1009 2472 2296 1084 622 24240 14308 3049 653 2396 1524 686 11259 10208 505 838 161 221 788 58 9932 4154 2596 509 183
internal_count=60593 36353 6724 4252 1204 1009 2472 2296 1084 622 24240 14308 3049 653 2396 1524 686 11259 10208 505 838 161 221 788 58 9932 4154 2596 509 183
is_linear=0
shrinkage=0.05


Tree=3
num_leaves=31
num_cat=0
split_feature=15 27 11 9 33 32 27 30 39 34 10 9 35 34 39 33 16 39 23 14 15 30 11 36 32 11 29 34 16 36
split_gain=0.628836 0.771618 0.693917 0.78177 0.643489 0.778332 0.642834 1.12015 0.71289 0.622383 0.65203 0.677386 0.870689 0.684383 0.755386 0.656086 0.625793 0.624845 0.61611 0.734271 0.640028 0.612788 0.830854 0.654058 0.607137 0.589619 0.586678 0.572922 0.695365 0.569871
threshold=1.0000000180025095e-35 3.5000000000000004 1.0000000180025095e-35 1.5000000000000002 2.5000000000000004 1.5000000000000002 1.0000000180025095e-35 2.5000000000000004 2.5000000000000004 1.0000000180025095e-35 3.5000000000000004 2.5000000000000004 3.5000000000000004 3.5000000000000004 2.5000000000000004 1.5000000000000002 1.0000000180025095e-35 1.5000000000000002 3.5000000000000004 3.5000000000000004 2.5000000000000004 1.5000000000000002 1.5000000000000002 3.5000000000000004 3.5000000000000004 3.5000000000000004 1.5000000000000002 1.0000000180025095e-35 1.5000000000000002 3.5000000000000004
decision_type=2 2 2 2 2 2 2 2 2 2 2 2 2 2 2 2 2 2 2 2 2 2 2 2 2 2 2 2 2 2
left_child=4 -2 -3 24 5 -1 7 -7 27 -5 11 12 13 14 21 -15 -14 18 19 -13 -20 -11 -23 -24 -4 -10 -17 -9 -29 -12
right_child=1 2 3 9 -6 6 -8 8 25 10 29 17 16 15 -16 26 -18 -19 20 -21 -22 22 23 -25 -26 -27 -28 28 -30 -31
leaf_value=-0.00052351206829780118 -0.000180766967738547 -0.0004593238020114762 -0.00049537784062074822 0.0048680272216748716 0.00090054192562424677 0.0003994230837221967 0.00017838223574205038 0.0086633482792725161 0.0032238077372312548 0.0074335771677052163 0.00087990712936756752 -0.0017448264956474305 0.0030108138001882115 0.0093679238040492215 -0.0014839704059491493 0.0093462390050667137 -0.00098858560942396349 0.00062782385515423086 -0.0031288226813445856 -0.0093403997591563637 0.0021245046135257273 0.0075590418084808021 0.0020264438239105962 -0.0048810665704766103 0.0012406327940535072 -0.0030636095574923927 0.0025555081549313795 -0.0044043000562258225 0.0058952894885901759 0.004168347183984655
leaf_weight=3223 38704 2224 2225 99 3442 755 4329 96 156 58 265 350 130 53 157 36 395 2052 81 35 204 46 114 49 651 49 273 23 57 262
leaf_count=3223 38704 2224 2225 99 3442 755 4329 96 156 58 265 350 130 53 157 36 395 2052 81 35 204 46 114 49 651 49 273 23 57 262
internal_value=2.30369e-11 -8.05847e-05 0.000316736 0.000545795 0.00032196 9.27386e-05 0.000456174 0.00151477 0.00372496 0.000945939 0.000860788 0.000644659 0.00157838 0.00263148 0.00126821 0.00422823 1.74186e-06 0.000194951 -0.0011308 -0.00243533 0.000631454 0.00288654 0.00162468 -5.0047e-05 -0.000102421 0.00172096 0.00334666 0.00605917 0.00293416 0.00251477
internal_weight=60593 48463 9759 7535 12130 8688 5465 1136 381 4659 4560 4033 1311 786 424 362 525 2722 670 385 285 267 209 163 2876 205 309 176 80 527
internal_count=60593 48463 9759 7535 12130 8688 5465 1136 381 4659 4560 4033 1311 786 424 362 525 2722 670 385 285 267 209 163 2876 205 309 176 80 527
is_linear=0
shrinkage=0.05


Tree=4
num_leaves=31
num_cat=0
split_feature=40 27 9 11 30 20 23 34 20 0 41 19 15 9 29 32 19 25 29 14 9 11 20 35 14 32 35 23 23 40
split_gain=1.2935 0.627908 0.698282 0.679481 1.00115 1.01454 0.525648 0.487873 0.679951 1.49325 0.789761 0.761899 1.27427 0.63297 0.529764 0.585773 0.486296 0.615939 0.614931 0.533546 0.515305 0.4722 0.700199 1.25759 0.621221 0.572125 0.696954 0.544447 0.681545 0.477656
threshold=1.5000000000000002 3.5000000000000004 1.5000000000000002 1.0000000180025095e-35 3.5000000000000004 1.5000000000000002 1.0000000180025095e-35 1.0000000180025095e-35 1.0000000180025095e-35 2.5000000000000004 1.0000000180025095e-35 3.5000000000000004 1.0000000180025095e-35 1.5000000000000002 1.5000000000000002 1.5000000000000002 1.5000000000000002 1.0000000180025095e-35 2.5000000000000004 2.5000000000000004 2.5000000000000004 3.5000000000000004 1.5000000000000002 3.5000000000000004 3.5000000000000004 1.0000000180025095e-35 3.5000000000000004 2.5000000000000004 3.5000000000000004 3.5000000000000004
decision_type=2 2 2 2 2 2 2 2 2 2 2 2 2 2 2 2 2 2 2 2 2 2 2 2 2 2 2 2 2 2
left_child=7 -2 6 4 5 -4 -3 8 9 10 -1 14 -13 -10 15 -11 20 -18 19 -19 -7 22 23 27 -24 -26 -27 -5 -29 -23
right_child=1 2 3 21 -6 16 -8 -9 13 11 -12 12 -14 -15 -16 -17 17 18 -20 -21 -22 29 24 -25 25 26 -28 28 -30 -31
leaf_value=0.0045554430578509794 8.9649092902044139e-05 -0.0026768459515138111 -0.003197785705125251 0.0034781809951832049 -0.0032720246681800257 -0.0015604926512027399 0.00015845751513172111 -0.00038577676509844228 0.00075923563448670951 -0.00032672046457469888 0.001106258236755759 -0.017450089650228619 -0.0024735522931631729 -0.0010198378982152116 0.00020048067813024668 -0.010212943084730671 -0.0056921821605000235 0.0012105833499632612 0.0071134895652693771 -0.0032229419242820511 0.0048999162139119331 0.0012790121426505428 0.0017206597592118044 0.00081786698684459778 0.0025208337334069342 -0.00092348989975803034 -0.0097791590925418986 0.014579766106448675 0.006101327968968286 -0.0011145273021831634
leaf_weight=187 29629 176 147 67 195 39 2296 20028 767 31 1475 20 49 1436 218 29 36 522 39 78 148 620 1626 164 55 68 33 38 63 314
leaf_count=187 29629 176 147 67 195 39 2296 20028 767 31 1475 20 49 1436 218 29 36 522 39 78 148 620 1626 164 55 68 33 38 63 314
internal_value=-4.07895e-12 0.000188642 0.000624849 0.00101336 7.6841e-06 0.000641523 -4.34088e-05 -0.000282908 0.00020623 0.000871475 0.00149434 -0.00211183 -0.00681458 -0.000400433 -0.0009446 -0.00510506 0.00129625 0.000671174 0.00102967 0.000634225 0.00355256 0.00141061 0.00182427 0.00393248 0.0014315 -0.00158246 -0.00381693 0.00697293 0.00929124 0.000474332
internal_weight=60593 36353 6724 4252 1204 1009 2472 24240 4212 2009 1662 347 69 2203 278 60 862 675 639 600 187 3048 2114 332 1782 156 101 168 101 934
internal_count=60593 36353 6724 4252 1204 1009 2472 24240 4212 2009 1662 347 69 2203 278 60 862 675 639 600 187 3048 2114 332 1782 156 101 168 101 934
is_linear=0
shrinkage=0.05


Tree=5
num_leaves=31
num_cat=0
split_feature=40 27 5 40 32 32 30 11 12 16 20 14 11 35 26 25 16 11 31 32 32 5 27 19 35 14 20 34 36 25
split_gain=1.16738 0.566687 0.491586 0.699055 0.789445 0.648208 0.613906 0.89411 0.852552 0.552384 0.547454 0.516894 0.505685 0.493486 0.476081 0.657641 0.605241 0.577154 0.636419 0.562839 0.547043 0.5346 0.735071 0.482794 0.481527 0.620924 0.491343 0.483391 0.481029 0.469254
threshold=1.5000000000000002 3.5000000000000004 2.5000000000000004 2.5000000000000004 1.5000000000000002 1.0000000180025095e-35 1.5000000000000002 3.5000000000000004 3.5000000000000004 3.5000000000000004 3.5000000000000004 1.5000000000000002 1.5000000000000002 3.5000000000000004 1.5000000000000002 1.5000000000000002 2.5000000000000004 3.5000000000000004 2.5000000000000004 3.5000000000000004 1.5000000000000002 1.5000000000000002 2.5000000000000004 3.5000000000000004 2.5000000000000004 1.5000000000000002 1.0000000180025095e-35 1.5000000000000002 2.5000000000000004 1.0000000180025095e-35
decision_type=2 2 2 2 2 2 2 2 2 2 2 2 2 2 2 2 2 2 2 2 2 2 2 2 2 2 2 2 2 2
left_child=14 -2 5 11 -5 6 7 9 12 10 -3 -4 -8 -14 -1 17 19 20 24 -17 29 22 -22 -23 26 28 -19 -28 -26 -16
right_child=1 2 3 4 -6 -7 8 -9 -10 -11 -12 -13 13 -15 15 16 -18 18 -20 -21 21 23 -24 -25 25 -27 27 -29 -30 -31
leaf_value=-2.803381838675976e-06 8.5166610777126633e-05 -0.0033182497151562429 -0.0023222060157702521 0.00073705050167940727 0.0028784804626475627 -2.4753322009167643e-05 0.00085677951770393485 -0.007375235306589227 -0.0041211975990114993 0.0069330311182773472 0.0050262668523295174 0.00059124573537025493 0.0068176264322628057 0.0016879881711621934 -2.6313399252870158e-05 -0.0011266873002823011 -0.0001647336485764381 -0.0014269510733670202 -8.6375377463094851e-05 5.5802390772626597e-05 0.00082253345808425507 0.00067240250911811258 -0.0024757134954002612 0.0037186526548788415 0.005919134664920069 0.0077684743536843197 0.00041913323256434227 0.0076832163819046916 -0.0026337529506002158 -0.0023466978834268634
leaf_weight=9932 29629 61 182 937 796 3366 95 38 37 33 29 931 151 68 446 5723 4315 87 318 1221 385 677 301 161 31 90 49 43 35 426
leaf_count=9932 29629 61 182 937 796 3366 95 38 37 33 29 931 151 68 446 5723 4315 87 318 1221 385 677 301 161 31 90 49 43 35 426
internal_value=-3.72452e-12 0.00017921 0.000593606 0.00109265 0.00172065 0.000227363 0.00188483 -0.000671555 0.00305742 0.0013995 -0.000629461 0.000114832 0.00390331 0.00522486 -0.000268763 -0.00045338 -0.000629783 0.000198017 0.00151574 -0.000918764 -0.000161112 0.000410371 -0.000624657 0.00125766 0.00303655 0.00506714 0.00126688 0.0038143 0.00138351 -0.0011599
internal_weight=60593 36353 6724 2846 1733 3878 512 161 351 123 90 1113 314 219 24240 14308 11259 3049 653 6944 2396 1524 686 838 335 156 179 92 66 872
internal_count=60593 36353 6724 2846 1733 3878 512 161 351 123 90 1113 314 219 24240 14308 11259 3049 653 6944 2396 1524 686 838 335 156 179 92 66 872
is_linear=0
shrinkage=0.05


end of trees

feature_importances:
feature_tridactyl_immoral_snorting=16
feature_elusive_vapoury_accomplice=12
feature_glandered_unimproved_peafowl=12
feature_splanchnic_notional_pint=11
feature_toltec_korean_disfavourer=11
feature_crosscut_whilom_ataxy=9
feature_musicianly_aspirate_creativity=9
feature_mendelian_undiscording_avion=8
feature_unsystematized_subcardinal_malaysia=8
feature_lacklustre_centroidal_schweitzer=7
feature_willful_sere_chronobiology=7
feature_reclaimed_insurrectional_moneyer=6
feature_stretchy_spiniest_fizgig=6
feature_unanalyzable_excusable_whirlwind=6
feature_unbreakable_constraining_hegelianism=6
feature_antistrophic_striate_conscriptionist=5
feature_jacobinical_symmetric_roll=5
feature_jewish_stained_disembowelment=5
feature_simulated_nonclassified_intercessor=5
feature_geminate_crummiest_scourer=4
feature_hempen_unionist_cone=4
feature_snakiest_somalian_wavelet=4
feature_transisthmian_yogic_linden=4
feature_departmental_inimitable_sentencer=3
feature_trimeter_soggy_greatest=3
feature_unformed_bent_smatch=3
feature_zoological_peristomial_scute=1

parameters:
[boosting: gbdt]
[objective: regression]
[metric: l2]
[tree_learner: serial]
[device_type: gpu]
[data_sample_strategy: bagging]
[data: ]
[valid: ]
[num_iterations: 120]
[learning_rate: 0.05]
[num_leaves: 31]
[num_threads: 14]
[seed: 42]
[deterministic: 0]
[force_col_wise: 1]
[force_row_wise: 0]
[histogram_pool_size: -1]
[max_depth: -1]
[min_data_in_leaf: 20]
[min_sum_hessian_in_leaf: 0.001]
[bagging_fraction: 0.8]
[pos_bagging_fraction: 1]
[neg_bagging_fraction: 1]
[bagging_freq: 0]
[bagging_seed: 400]
[bagging_by_query: 0]
[feature_fraction: 0.8]
[feature_fraction_bynode: 1]
[feature_fraction_seed: 30056]
[extra_trees: 0]
[extra_seed: 12879]
[early_stopping_round: 0]
[early_stopping_min_delta: 0]
[first_metric_only: 0]
[max_delta_step: 0]
[lambda_l1: 0]
[lambda_l2: 0]
[linear_lambda: 0]
[min_gain_to_split: 0]
[drop_rate: 0.1]
[max_drop: 50]
[skip_drop: 0.5]
[xgboost_dart_mode: 0]
[uniform_drop: 0]
[drop_seed: 17869]
[top_rate: 0.2]
[other_rate: 0.1]
[min_data_per_group: 100]
[max_cat_threshold: 32]
[cat_l2: 10]
[cat_smooth: 10]
[max_cat_to_onehot: 4]
[top_k: 20]
[monotone_constraints: ]
[monotone_constraints_method: basic]
[monotone_penalty: 0]
[feature_contri: ]
[forcedsplits_filename: ]
[refit_decay_rate: 0.9]
[cegb_tradeoff: 1]
[cegb_penalty_split: 0]
[cegb_penalty_feature_lazy: ]
[cegb_penalty_feature_coupled: ]
[path_smooth: 0]
[interaction_constraints: ]
[verbosity: -1]
[saved_feature_importance_type: 0]
[use_quantized_grad: 0]
[num_grad_quant_bins: 4]
[quant_train_renew_leaf: 0]
[stochastic_rounding: 1]
[linear_tree: 0]
[max_bin: 255]
[max_bin_by_feature: ]
[min_data_in_bin: 3]
[bin_construct_sample_cnt: 200000]
[data_random_seed: 175]
[is_enable_sparse: 1]
[enable_bundle: 1]
[use_missing: 1]
[zero_as_missing: 0]
[feature_pre_filter: 1]
[pre_partition: 0]
[two_round: 0]
[header: 0]
[label_column: ]
[weight_column: ]
[group_column: ]
[ignore_column: ]
[categorical_feature: ]
[forcedbins_filename: ]
[precise_float_parser: 0]
[parser_config_file: ]
[objective_seed: 16083]
[num_class: 1]
[is_unbalance: 0]
[scale_pos_weight: 1]
[sigmoid: 1]
[boost_from_average: 1]
[reg_sqrt: 0]
[alpha: 0.9]
[fair_c: 1]
[poisson_max_delta_step: 0.7]
[tweedie_variance_power: 1.5]
[lambdarank_truncation_level: 30]
[lambdarank_norm: 1]
[label_gain: ]
[lambdarank_position_bias_regularization: 0]
[eval_at: ]
[multi_error_top_k: 1]
[auc_mu_weights: ]
[num_machines: 1]
[local_listen_port: 12400]
[time_out: 120]
[machine_list_filename: ]
[machines: ]
[gpu_platform_id: -1]
[gpu_device_id: -1]
[gpu_use_dp: 0]
[num_gpu: 1]

end of parameters

pandas_categorical:[]
